14811105 1500673 1
15611777 1355681 1
230495 16579 1
262408 16705 1
304783 18557 1
401002 18126 1
277062 17386 1
373519 16985 1
274960 17958 1
369578 18087 1
286885 18342 1
385724 18877 1
276818 18377 1
366017 17262 1
276289 17863 1
371438 18312 1
282849 17769 1
373233 18067 1
325520 24638 1
416473 26145 1
405013 22757 1
468216 20469 1
411504 22487 1
504888 21712 1
391091 20746 1
490069 20819 1
356253 20404 1
449995 20686 1
356881 20430 1
450449 20640 1
352920 26624 1
479355 25698 1
351018 41878 1
411161 36106 1
399080 21401 1
496362 21996 1
401870 20436 1
499229 20502 1
399694 21241 1
490134 20704 1
390949 18004 1
480848 17895 1
344231 18561 1
468107 19411 1
383018 33269 1
368280 42961 1
305837 26217 1
362033 25853 1
362441 18836 1
509338 20384 1
280153 40016 1
345012 34938 1
283256 31407 1
381026 35823 1
344872 18744 1
436867 17450 1
390596 20038 1
477785 19137 1
391205 20384 1
486372 19534 1
389266 20622 1
494962 20983 1
349142 34395 1
429692 25983 1
267410 30317 1
468221 78095 1
285100 30843 1
443978 31870 1
323199 29533 1
397570 29940 1
425246 43301 1
476740 27455 1
440825 20238 1
501983 19575 1
382043 20319 1
492519 21216 1
346469 28268 1
405130 32011 1
317563 34568 1
439251 44647 1
310432 25641 1
424972 25137 1
413921 19559 1
505531 21030 1
406845 18884 1
474908 18114 1
383566 23837 1
461692 23119 1
395799 20605 1
473520 18579 1
350628 51949 1
435828 26553 1
330456 33683 1
416085 22588 1
396705 20118 1
485718 20858 1
365888 19487 1
435168 17497 1
430426 25147 1
422775 19689 1
346381 21216 1
499744 26144 1
591922 47916 1
662394 35098 1
314585 35138 1
353198 15039 1
263125 22172 1
424692 42343 1
284013 19031 1
455020 21144 1
309307 29625 1
306659 23362 1
387534 21386 1
390982 17991 1
410683 22379 1
471487 18402 1
433298 19565 1
536520 20218 1
337407 52983 1
465963 47521 1
320672 17799 1
438750 22317 1
292140 32418 1
349187 28223 1
334503 45945 1
448947 54996 1
320277 26081 1
431717 42686 1
385340 37046 1
405968 29838 1
353012 21869 1
436849 23512 1
300528 27534 1
374402 35030 1
359659 28220 1
406691 24041 1
279275 17096 1
317124 22165 1
198076 20985 1
269864 24294 1
194952 18462 1
314566 25618 1
168583 15055 1
350396 27221 1
235998 32041 1
307010 43622 1
244655 34233 1
314415 23293 1
284779 22563 1
235881 18958 1
224402 19494 1
269732 37006 1
196687 25448 1
249262 35829 1
303712 22680 1
358339 18474 1
299637 20416 1
393884 24015 1
237486 25634 1
258741 23970 1
227945 26542 1
283491 36987 1
226680 24320 1
266062 23903 1
277779 16531 1
368134 16443 1
172752 19573 1
201498 19552 1
237914 29023 1
265227 31792 1
171793 23416 1
236234 23861 1
219846 39332 1
296660 33126 1
217385 33638 1
397193 74281 1
217 6 1
0 0 0
1 1 0
0 0 1
0 0 0
4 4 0
4 4 0
2 2 0
5 5 0
3 3 0
5 5 0
1 1 0
5 5 0
5 5 0
5 5 0
5 5 0
5 5 0
5 5 0
5 5 0
5 5 0
5 5 0
5 5 0
5 5 0
5 5 0
5 5 0
5 5 0
5 5 0
5 5 0
5 5 0
2 2 0
5 5 0
4 5 0
5 5 0
5 5 0
5 5 0
5 5 0
5 5 0
5 5 0
5 5 0
5 5 0
5 5 0
5 5 0
5 5 0
7 7 0
5 5 0
6 6 0
5 5 0
5 5 0
5 5 0
1 1 0
5 5 0
5 5 0
0 0 0
5 5 0
5 5 0
0 0 0
5 5 0
5 5 0
5 5 0
5 5 0
5 5 0
5 5 0
5 5 0
5 5 0
8 8 0
5 5 0
